w2A_min: -0.7646381229102898
w2B_min: -0.8565217945874987
mean_overlap: 0.35687747927956137
max_overlap: 0.7030107214101418
num_compared: 20
