mean_overlap: 0.5008547174819563
mean_overlap_trimmed: 0.4810479192772818
max_overlap: 0.9783621671225995
num_compared: 40
