mean_overlap: 0.5749320781353109
mean_overlap_trimmed: 0.5551321460269624
max_overlap: 0.9588910854702244
num_compared: 40
