w2A_min: -1.7379355754864416
w2B_min: -3.738533485931746
mean_overlap: 0.2756684643929786
max_overlap: 0.7477482232166397
num_compared: 20
