mean_overlap: 0.8625158196774654
max_overlap: 1.0000000000000002
